10000
3830
2399
1749
3857
6517
695
5789
1667
5780
6614
5997
340
3767
4708
1474
4564
877
382
3505
9759
4237
8233
5318
1021
4211
8926
6684
5594
4746
3942
331
446
2334
2030
2955
7765
6464
1362
358
55
9071
4144
4618
634
3402
7754
9575
5207
2502
8281
2011
7762
3819
8549
1802
6516
487
2463
9038
1218
9851
8826
1649
5325
353
7270
6028
270
117
9553
5377
4455
2649
9803
7278
8593
2598
452
4122
5983
1035
2277
2217
4677
5525
2148
5096
1675
5213
4829
902
7395
4729
1543
745
9657
5082
5137
3037
9696
9665
2356
4508
7868
8459
7347
4563
1144
2478
1799
3135
7268
4131
3556
333
4255
2547
9191
3181
3110
628
5162
2663
9790
732
8107
4545
9073
5659
4170
551
2169
8560
3569
7425
3759
4251
3777
19
9487
8352
6200
9545
6148
1605
7908
4506
1036
5054
3089
485
8137
3302
4860
7833
884
438
8005
8327
7640
1226
2087
1653
7844
8501
3179
3473
6504
7203
1150
1980
3217
3125
4062
7433
2167
8457
9655
2713
8515
9164
6587
7315
4228
6974
1819
1614
3603
1774
589
3662
4183
98
153
5323
9907
2685
736
2067
2091
3737
1468
9817
2070
8718
1735
4760
8482
665
3196
6002
4135
4471
5339
2807
1984
3956
8964
2142
8472
9953
5441
7189
3295
6550
683
510
815
7802
5721
4680
515
5746
6240
2652
319
1564
195
3464
6927
328
9282
7346
2812
1519
2975
7662
1219
1506
2808
5768
4549
2014
2762
2993
9983
2630
6495
413
5264
5217
3687
7880
3678
3694
7224
700
7600
1240
6357
2894
1849
8283
6075
4831
6531
6803
6496
5687
2186
1118
9377
8862
7932
1439
2236
5531
9910
4378
6844
2802
2868
4788
7586
9000
6425
4333
3249
2423
133
7485
6492
5369
3936
5093
5138
2805
1549
5572
6048
9206
575
8025
6970
1467
393
4702
1401
8543
2254
7125
315
4837
1500
5210
2766
890
9134
9962
545
6274
3213
9181
9390
1093
2602
3727
4794
8424
5508
4280
3438
8629
4581
6804
4990
9984
4417
2657
7632
5621
876
8187
68
6545
2835
9748
4458
4821
5998
2874
6291
934
5183
4245
804
4933
7639
2939
2059
8452
2177
4395
6890
3576
5952
9316
1842
5673
7961
1558
6602
1659
9451
1646
6507
2544
1642
1409
1384
1698
6679
4787
141
1005
2109
2854
5730
1941
4026
2133
4028
3644
9287
1535
6896
2928
1544
4805
4710
6384
1082
7030
7751
2582
2407
2532
3500
395
7655
3094
647
5405
8427
3652
6314
9876
6106
3399
2208
1937
1563
354
4063
2788
3866
3996
2769
437
2340
4949
1097
5514
685
4784
6512
8359
5796
6698
2309
2213
2189
513
7371
7023
4826
7867
624
2419
7885
3203
2767
6564
1879
2367
9718
5324
9571
2107
381
7437
2979
4578
8672
951
3013
891
571
2130
838
4842
4007
2492
2166
8930
184
3832
5131
1971
4963
3354
5718
2898
9428
8603
4792
917
2715
5802
3540
1912
7680
689
4557
6365
2426
6666
6051
1358
8885
2371
7588
9050
3131
1319
5965
1783
5710
6359
3338
6014
363
5630
3834
809
6087
2696
4643
102
4722
862
1633
8414
4565
3169
969
7467
4550
2588
4911
5243
782
53
3201
3782
9797
2497
5867
2083
2136
1392
1865
7798
7658
4248
2396
9968
4316
8818
751
3133
8469
9369
980
596
3599
3238
9323
1688
4867
8322
3148
7028
9620
5670
7884
1135
5329
2639
467
5482
1745
9774
4391
7610
4389
4678
733
931
6141
3027
3649
5052
8237
7360
5304
5049
2171
9943
6069
5365
6317
6592
846
3530
3525
264
2793
1967
9102
3042
2276
3854
1099
1816
7150
2804
4274
7237
5007
5509
8711
2265
232
3466
6814
8863
4425
687
817
9961
2872
4531
3796
2837
5581
7297
3154
6704
240
7238
7265
3447
5903
5756
392
4879
4290
6056
8836
9509
2880
314
6712
879
609
9171
2714
8221
6250
926
2741
1169
2883
3647
8638
5781
3820
1542
3470
3064
954
5785
9121
6874
3093
1131
6252
3850
5429
3347
5964
2550
5259
8667
7049
5842
3700
4301
7785
5048
6981
2729
2826
4498
8563
7103
5220
8235
1280
172
6013
2095
3416
2442
3536
7306
2814
453
4862
554
6609
5560
2218
1050
832
1284
2533
6076
6030
2023
9914
6191
2382
1326
6383
5067
2075
3666
1801
2074
1089
4224
2343
1780
2110
4419
8776
7547
2374
8801
1569
7626
748
8846
6497
4845
6038
2834
9795
4667
1669
9023
9153
3228
9624
8692
3973
2754
3207
8713
1333
9248
3236
8832
5019
800
8675
1063
489
6159
7480
3790
5864
5431
1267
2441
3859
3617
1756
3885
8
5011
1471
3709
4160
2686
3066
7109
6777
8068
4354
1211
9613
8612
8003
6398
3813
1514
1820
3744
4294
2687
8432
5990
1814
5550
2474
7594
7384
956
2744
3945
627
3818
7713
7057
5669
6457
4049
7531
2500
9307
1811
8049
1104
1403
1504
7061
9034
4271
7179
5745
464
6522
2395
3801
3734
1922
3957
8490
9742
9463
4209
8082
2739
368
1748
8943
9093
8568
9315
5459
379
3642
8762
5861
7243
6344
9464
3102
4799
6375
8228
3877
8740
5212
4363
99
4735
1275
9035
4537
1191
6663
1390
1141
6630
72
2476
6884
6019
2485
3923
4701
9221
9009
2698
3726
1420
5433
761
8277
1985
556
9726
1533
8307
1893
6279
4585
7617
1096
9262
3188
38
4868
1105
6328
2581
1212
6499
2792
1258
3428
4945
491
4205
2216
5208
5251
3590
2403
7322
6389
2850
841
1380
8258
3680
6322
9647
3461
3762
3361
9577
6006
4217
7857
8919
129
4201
9912
3044
3086
7630
3861
4510
9138
497
4899
1245
5448
8225
4519
3180
2726
6315
2570
8833
9859
5653
3815
6117
1231
4229
3491
9908
1592
1019
8666
1167
4143
6812
8517
8822
1618
4818
5
5111
5119
9286
793
9426
147
1416
7168
8146
7619
1580
5117
7418
546
1978
2055
7391
2005
9350
8319
9233
3380
602
1316
2562
2972
4509
1321
6745
9739
9311
3504
3097
5644
431
4994
1001
4620
518
169
8250
6694
1346
294
5583
6036
9367
5592
8347
5956
1137
6424
5199
7683
1994
2931
127
4152
286
1357
3959
3442
9728
3152
1436
2080
5918
1220
3887
4854
4757
9606
7959
4558
3310
3848
4732
9041
1920
7195
8442
914
1551
8500
5311
9516
3927
5416
9397
2006
2796
468
4356
1481
4938
3817
1701
5579
2997
8331
475
5898
3414
9409
3831
2773
7004
7161
1225
7047
3241
30
5097
2071
8409
2605
7636
5178
1908
8510
2128
2959
8028
8013
7668
6342
5881
9224
9677
9695
451
7935
5322
2609
6007
1670
1821
5069
5820
4000
8286
9386
5409
6484
9402
1628
7256
3274
2496
9940
2764
1441
8051
563
2042
7374
6447
5849
7253
8748
5298
4954
7849
1570
5036
8471
5519
4957
5167
5351
694
8707
6580
6348
2295
9846
163
5869
711
4200
4592
3259
3375
6074
690
4765
3738
2548
5150
2494
440
8248
3475
814
937
4423
2650
4325
3924
9646
4285
3138
5362
4548
780
1639
341
5977
7652
8267
2963
1599
4059
4060
7368
4668
2370
5585
8150
9506
1369
3497
2987
3408
5804
7720
3612
400
1045
8970
6581
638
1111
1424
4542
1375
3409
6960
7916
5723
6065
9178
7443
6501
3080
5068
3158
1410
5985
3076
4840
3298
6899
555
7593
6660
4560
3704
3487
8825
1859
2824
6691
4161
8991
4948
1603
1972
4289
3206
8686
4468
3869
5701
2192
2180
4381
214
3517
7064
4428
6542
7928
7409
6964
7450
1637
6423
5963
1645
8570
7991
3139
6914
4341
8888
3712
2149
7638
4102
5743
5972
4682
9088
6206
1182
223
7837
3383
2325
3714
2052
9333
7385
527
5665
5941
2815
8851
3828
3348
7295
7329
1844
4630
2094
1113
7501
1672
1631
5110
4265
6876
8192
2015
8571
9004
2118
9627
7736
6244
267
2862
6008
6948
8708
560
6631
4847
6149
9453
2579
783
9957
7605
3760
9630
1626
9813
159
4435
209
7166
4637
4937
1329
3163
5290
6302
3299
6072
3871
3451
5953
6146
9007
1458
4861
1418
1722
6336
4366
327
6324
4878
6275
4793
1437
1709
1022
9537
7285
1772
9767
5310
1572
6232
6176
2809
408
1039
6474
2088
9710
5273
2398
1889
8838
1462
5622
9967
9942
9524
1829
7336
4995
1689
7484
2954
4497
9241
3103
1586
8040
4800
8053
5320
9342
4843
2332
1494
82
3468
1610
4015
3109
1368
9632
2461
9783
421
1583
5769
1498
5388
287
7525
7011
7838
3646
8946
6696
6710
8131
696
5495
1812
5305
8165
2918
2504
9222
7556
3032
7075
5044
5889
8339
4439
2002
3696
9021
9982
5580
2231
3521
2206
1632
4662
5356
9527
3794
1676
4247
7048
2062
197
6443
316
9096
149
5065
708
6688
928
5161
8652
9685
9492
6360
5937
162
9479
3092
1119
2361
8701
5202
9266
422
2853
5817
8254
1825
4544
6570
6559
9819
5634
3566
773
8689
3658
1508
2413
4610
1587
2378
5786
1170
1894
7152
8782
7173
2318
81
3553
8974
5738
2924
3906
2973
4651
7739
5025
8899
5375
6361
3578
2527
5852
9297
2298
2775
3598
3307
6762
3919
6529
4197
1522
167
3516
6472
7733
8483
291
7304
7089
644
7400
4992
8674
5454
308
5493
5778
2943
9952
7159
5859
4249
2565
6151
4672
1827
3363
9834
2103
6806
2493
1550
5749
6656
519
9068
2992
6100
2823
1737
3410
371
1480
2220
9105
7453
1781
670
8126
5686
5646
3439
2734
5981
2284
7231
8278
8106
6757
4775
4947
7208
2811
2134
4855
4082
1030
9208
5629
1863
2234
8229
3768
4834
4859
2951
8398
263
5967
3809
299
8181
2164
7184
142
5554
7793
369
7743
6221
2154
482
3561
2867
2888
1615
3896
9727
7628
957
7977
5313
2531
8698
8140
281
4390
7190
4931
8955
7681
828
4856
8878
3613
2636
3842
9703
4633
1479
1454
3083
1382
7661
4631
1349
514
9103
5806
942
2196
613
8336
6216
1059
8456
591
4830
9229
5232
636
775
8318
6214
6871
9848
8282
2597
2145
3811
4481
4580
7263
5269
929
671
7478
9261
9032
7438
8882
6779
115
8754
1611
2569
479
69
6678
1341
7414
3653
1042
9285
2612
1461
8305
1516
3980
394
7750
2506
3220
1272
5300
4916
8541
7382
9622
9406
4696
9778
8012
2897
5663
7856
6619
7448
7929
4612
7948
4216
1110
2434
6249
6621
2927
7090
3386
6811
8112
8693
5164
2813
7225
5863
6816
7615
8685
5214
9898
2281
1100
9517
5394
1274
1175
9405
7096
6662
3303
3215
9490
5827
2389
6132
6230
2159
9063
1302
9149
7532
5261
584
3429
1878
2603
6054
5631
8753
5101
4400
188
1589
8485
9074
332
8045
2390
8044
822
4852
2856
1055
2035
2915
4430
5520
9675
1903
875
4101
1936
2402
2162
9922
7140
1716
1291
2293
2608
6217
3969
5075
9676
1680
9472
6412
7193
582
4944
965
5876
1526
1510
2351
3895
1027
8227
9749
3108
8215
9198
5651
3151
6775
6299
6073
1034
4715
7463
1854
8687
2453
2311
1442
542
9448
8755
8095
3199
7852
7775
5334
5008
3784
2323
3582
8690
4719
8960
5200
3562
7413
6259
9037
9713
6727
3069
5302
4349
7498
6239
6813
297
8142
5191
9452
8921
2373
5707
5152
7487
6596
3751
3168
1991
1791
5187
3373
9273
2480
3278
7771
1354
2165
5513
6307
8681
2225
4450
7696
4881
5845
7317
4835
1836
1959
457
7773
825
9237
9597
9177
1015
2596
6826
704
4739
3275
13
2146
8783
8512
3306
3753
8562
1663
4727
6283
8344
4344
9712
4467
7536
9642
3327
8760
2949
7963
6635
6290
9838
659
5408
1988
6837
1237
2881
3355
2795
3651
5589
9378
680
7170
2590
811
6237
2624
8261
9114
1199
1125
3674
2723
4688
8935
4150
7134
8419
9592
6788
3261
6101
8853
5023
2701
2101
4654
2313
3620
3597
2386
8767
743
2331
7147
9429
5822
8194
4566
1002
3763
4427
8018
9234
5758
4806
9391
8561
2537
9950
3982
5826
633
5719
2672
6665
8169
1342
2901
1381
9432
722
5582
7440
486
7919
9420
4961
2377
3663
8132
4180
8845
3467
8741
262
2863
1229
7723
2012
2447
6050
6982
5754
8622
3699
1776
1788
4012
850
4768
8632
4900
8397
171
7926
5410
3025
6427
1548
2960
4002
569
3434
994
3349
739
5561
4782
7761
616
1706
7539
2275
8981
3835
6653
6842
5895
4260
8889
6866
7877
5236
5279
3112
959
8658
8328
4986
2697
6973
7518
7894
4312
1184
3718
7206
2615
3087
5077
9554
5156
2654
4220
5662
8791
4976
6994
8800
8849
7370
4733
5018
2519
3921
9486
6639
4134
3953
8628
4187
2668
4079
2962
5091
7823
8311
9723
5080
6766
3592
6996
1890
8552
1880
3421
1152
6807
8460
2611
8977
6699
8682
5228
3210
5129
4056
9332
2905
7078
6524
3175
3675
5894
5728
8476
5573
3340
1694
1757
9205
6449
4802
1608
3452
256
4085
8361
2724
9764
3838
9253
6765
4923
3733
8417
5248
9756
4968
7650
277
7815
7276
880
8387
7678
6523
1304
152
1253
1983
6953
9890
533
8480
7866
2273
3669
4286
8884
3816
2790
7854
1353
6533
3729
5144
6352
4375
2383
2635
2353
5830
6377
1156
6350
1832
8153
8883
3932
3267
7546
1928
8808
3679
588
2096
3256
3775
5818
3472
1708
7840
4051
6078
8996
7826
1831
5958
8405
4943
797
2974
5709
617
2312
3192
7240
7812
3040
5593
590
4476
9689
5624
1205
4536
8426
4076
8054
6349
2932
5884
9116
3523
3903
3456
5128
6988
731
2546
3070
4268
388
3022
7904
8280
2221
7707
9443
2827
2490
3149
1826
7051
984
8185
7901
8477
3140
7373
364
3943
4273
5502
2535
2727
6577
2747
96
4422
310
1288
2317
6012
9437
6224
3769
4404
3205
4903
4429
4403
1681
1595
6805
9154
3088
9039
9705
8920
6600
1699
8212
7870
6332
3029
2228
9459
6207
2578
3101
7945
146
6251
9904
8871
6659
2436
7987
6622
9347
4164
2787
1293
3822
8384
9769
7281
7117
8758
4817
6391
4607
2174
3684
5940
7419
8542
7564
1594
496
9461
7003
239
2899
2794
289
4103
6047
8364
599
661
6311
5490
1185
9106
9656
4114
3479
1834
4311
4748
205
8272
6022
2243
9857
5617
3004
4789
5042
144
922
5724
1340
9176
134
4208
8728
9351
2935
2475
8072
7965
6225
2524
3262
3446
9150
4988
7923
5529
7288
2100
1249
7059
6452
9264
4159
9729
3150
2920
8779
5099
7340
5113
2305
2819
2308
7789
8110
5397
7186
3990
2950
7495
7984
4880
5293
5270
5174
9118
2291
2473
5447
3321
5609
2731
3055
9956
4629
7757
4851
3286
631
5499
5009
3365
5218
6143
2745
7257
9325
950
5357
6706
949
5932
8815
4292
7585
2829
4447
1790
824
1095
4071
3611
9101
6943
6085
1943
2214
759
5791
1622
8083
7551
8381
2889
8963
9607
2366
3329
7154
3284
709
1254
1483
992
8052
1084
8511
2735
6323
2644
8435
367
2297
78
8253
5906
987
4905
6652
7578
192
9199
9811
4751
8806
6931
620
5147
2967
961
6882
9187
1098
3697
4470
2179
326
2408
9227
113
5347
7052
3723
9320
2368
3641
1102
4608
7215
138
3741
1049
7009
8604
8203
5542
3068
5991
3864
3358
1155
8810
2039
5098
6451
236
3736
7177
5349
2799
7947
2957
8569
5931
4397
4904
7488
5920
7434
8927
9375
5014
42
1068
1014
6601
4832
8768
3351
593
9107
9254
7799
1400
8626
4804
1328
6301
5584
2699
7500
1872
4504
4444
6442
2113
5596
3972
8972
2105
4156
64
7324
9918
6413
7202
5837
6321
614
8470
7129
9773
8420
9649
3636
402
767
8513
6401
6470
7714
5041
9355
5657
7953
4771
3710
6769
6111
8902
4355
4185
4828
8625
4917
6872
1761
6606
3061
4846
3799
3309
7634
7933
5610
1683
6873
9469
3450
123
8539
4371
1404
3602
6742
7618
4462
6218
4914
1053
9092
3237
6183
7759
2068
1573
993
231
765
6453
1747
6029
3730
744
5063
2817
41
3841
2202
8738
9995
3546
49
9502
3531
6469
2073
8124
816
1223
4323
2919
3244
5333
3985
2263
1186
4749
8834
8835
470
7006
3826
6898
3891
5914
6743
6686
3190
7187
756
6125
9024
1257
4332
3882
9196
6567
9860
9059
8093
2996
9938
1751
4324
8448
309
397
6189
4158
6612
3400
1552
1347
4809
2675
9179
4357
8695
9188
3339
8148
3780
8020
3343
4495
8455
3840
5250
6331
1101
2980
4105
1024
3577
3250
5012
3322
4597
6327
4464
1323
7033
3234
5521
2283
9078
278
2585
662
7375
1224
6906
9165
6199
674
8641
4767
5393
8096
3048
3248
3287
5159
6136
7608
1712
2577
219
2864
7454
7590
3951
3946
4106
3702
4195
6976
7041
5057
6726
8896
2692
155
4657
8464
8731
6440
1482
1148
3296
4123
5808
2287
7521
5282
2028
619
1584
3610
3316
4737
5462
9786
8303
5978
788
3258
4236
5193
9217
8102
3506
7862
1862
4364
7786
9946
3297
9226
7529
5506
7496
4058
6595
3648
7509
3483
6603
8026
4687
3918
7331
899
3535
2543
1853
7689
6209
9110
2253
2137
3901
4348
114
5132
6774
9924
3856
559
2613
4361
3090
435
9353
8555
9639
3771
449
5165
3334
2638
6875
703
272
3911
2780
8000
9529
7620
5061
3441
8516
8588
3378
7085
2857
4491
1593
173
4383
5118
4895
2115
222
5000
7869
8637
2592
4699
5652
4731
3568
7118
5834
71
3401
9664
3455
2541
6437
5766
1489
2986
3324
7998
4973
137
1789
4116
6731
2238
8635
7107
5925
4650
2365
6293
2098
3547
4128
8750
5762
1227
5507
1916
2667
5037
9992
9570
3518
1276
9358
801
508
8877
3512
7357
6297
3254
3752
4762
4740
3008
3364
580
3260
4080
6761
3904
3807
625
7344
9209
6675
915
6513
2522
7507
8655
6751
156
9069
8573
3616
5083
3701
5577
1629
1179
8777
3007
9265
8105
6892
8971
3352
5751
7376
5910
7538
7705
2017
4405
9295
2459
3448
161
3934
2227
2911
1476
2151
1305
4078
9652
9969
3788
6508
6139
7794
3812
1299
4401
6637
7913
5712
6369
2125
2222
4556
5039
3786
2580
8870
7248
4362
7516
164
4073
9582
4337
1399
8085
3501
1464
61
9194
1867
861
6456
9015
1314
3476
1693
8874
9609
6554
2589
4478
3672
4869
2259
6583
2989
5095
7372
6079
118
3222
3270
8450
1733
7698
3067
303
2818
8494
7348
622
2306
6316
143
8788
9515
8101
8724
3166
7853
2268
9641
2712
2140
3660
2102
8136
1158
1079
9382
3624
9170
1525
6003
3300
8061
7675
8030
6984
4267
8676
653
3293
6155
3708
6760
3385
8006
2501
1534
8178
5851
4024
2364
311
7308
4147
1758
5418
6341
1367
2694
6881
4153
2010
3765
5029
7660
6246
7534
4299
6205
6194
5880
5381
481
3993
5988
3925
8386
1423
7591
7499
5533
9991
8824
6062
9185
4199
418
8224
7349
3164
1888
3280
9915
5107
6376
5399
7275
3781
7574
9720
4745
9830
7682
3862
5354
9070
3621
9580
5835
1650
290
5001
9903
1361
2195
8735
7342
9360
1711
3232
9550
4446
9210
2517
3650
5915
6483
6716
4624
5788
3978
7938
6669
6784
923
5229
6000
7731
6166
5703
3607
1986
3625
1056
5927
8161
7350
145
4533
7810
9818
643
5116
3377
640
9423
1485
2025
7296
4656
5453
1665
5030
2258
1372
4066
4474
3242
7878
6422
6916
6310
505
3230
7924
1264
2440
5599
7890
1456
3391
350
9508
6598
8527
3986
8362
3548
3054
5838
4786
9200
5539
246
7217
507
4313
826
641
3728
5832
9129
1750
5784
4613
4888
7783
2143
3681
8890
8443
6102
7164
4291
686
1657
2092
8948
175
4850
8616
5627
1018
462
4326
1942
9161
2487
705
1939
1602
4640
2051
9841
1438
7289
944
1057
3417
8986
360
4244
189
8518
5776
6213
7964
9721
6980
1952
1116
538
5930
5668
2299
7481
8022
6836
3121
5655
8374
128
7318
7441
9500
1601
6116
1066
2235
8982
6458
8216
6027
1786
6979
9681
1996
250
2069
469
5936
6273
960
7406
6903
6556
3910
1094
2479
5553
3876
4380
4772
502
448
252
9283
4329
2870
5421
7098
5326
7540
8001
8276
2266
7769
3797
6192
7402
1796
1720
5558
9741
6133
8081
989
5466
3954
5364
7398
4743
4875
9117
5574
6114
168
6494
2618
9602
3219
1992
6664
6908
7891
1938
3695
1677
7716
5306
3000
7686
6846
6343
2600
1823
5338
3587
1121
4186
1555
6915
6792
9836
4946
1777
6238
5860
778
9544
1779
5999
8097
3459
3507
6526
6808
6525
2969
8236
9012
1503
7178
9213
952
6870
4985
1325
5353
6129
1738
2175
5640
7211
4539
4593
3608
74
1914
7990
3193
1993
1560
6372
9972
9305
5648
4814
3836
4532
1896
5737
1721
1743
6385
1350
1012
4838
3792
5726
4887
9776
7473
750
8407
7
3311
7094
7299
6220
1044
1277
7548
2526
6428
2680
3493
6406
8598
6729
4844
9393
7979
2156
4698
8294
7399
9861
8726
3656
3933
7352
4394
1695
4606
7513
7259
8300
2821
9617
1203
8434
6886
9662
5378
5973
6138
6734
282
1031
1120
2559
4243
3524
4420
9279
7421
6414
9337
8223
6444
4413
7830
5729
6616
603
9558
5020
5130
7258
2239
8271
1818
9559
4535
5461
1897
445
3527
8579
7942
5299
4670
8721
9214
3691
7572
2545
7491
5844
4099
1448
4282
5423
1301
5720
6281
3283
423
1696
4876
4984
8226
1138
6561
6409
8843
8173
5398
531
8015
975
3195
6926
5854
5815
7562
752
8567
4115
9372
5697
2832
3005
2743
3881
9120
2810
5487
6005
4064
4783
6810
7353
8118
5713
8135
2797
712
3477
9303
532
2483
4801
8210
6978
3740
4433
7631
8114
5146
8805
4671
8238
5444
4189
4175
7472
3337
361
8077
8830
3247
7157
3369
5055
8559
4451
8467
7595
9588
4266
8751
4707
8031
9808
4579
4068
1852
2922
478
4774
772
3983
6432
7060
2190
5848
3926
4008
8367
8909
6683
5976
9864
6670
3141
5957
6901
9697
4584
9816
1080
241
4437
3994
5294
2777
6061
9422
6435
6737
5204
7566
2785
4188
1851
5951
5491
4352
2355
6697
283
1160
5424
3827
5658
2445
1292
1374
6754
9616
8474
9031
1445
4376
4693
6257
9807
678
7183
6278
3800
7167
8514
7279
9629
8922
3111
4721
274
3991
4726
111
2921
2411
2111
1507
5517
4543
5168
183
5679
2916
2448
9775
5649
4626
1204
5674
4179
4615
4067
8451
3549
9230
3021
2728
7083
4908
1387
2803
4369
4206
1536
2112
776
7804
5247
1072
8553
3639
506
8099
3858
4645
6793
808
2513
4227
3313
5522
8953
5645
8866
5821
9356
4797
5819
7993
4754
9843
9483
7649
9135
7460
3223
2406
9075
6919
4215
7764
807
7012
325
6796
6037
5386
3631
4756
1077
8475
7351
4421
1477
7230
8315
1324
9899
1547
5528
1884
9145
8572
504
9717
1460
6969
442
4213
1222
8198
9061
6215
6891
483
7622
6940
107
2079
1163
5345
1432
3758
6236
2150
4077
5438
3589
2460
1492
893
4864
8771
9525
8574
9419
5919
7607
1344
4021
2047
8590
9142
8266
415
5661
999
9852
6001
2452
7282
8528
8219
4445
5913
6319
9779
5783
2380
2446
3403
2292
4081
7209
3301
1285
1687
2599
9561
2988
1295
1895
7001
5404
4600
8592
3132
4614
777
4865
43
4359
8211
6995
7797
4686
5371
93
6201
8620
4883
5833
6869
4173
6041
4242
6112
6174
5755
1520
472
663
8893
3987
781
8208
9949
8789
5825
4890
8898
3030
9507
798
3331
5922
7864
3326
86
8259
7216
8171
3279
5664
8275
3492
3359
4853
6394
5412
1143
1011
6905
2232
2009
8009
8170
31
4623
5934
8678
9799
6262
4196
2507
8965
8732
334
1640
2751
8643
7527
516
1974
5435
6387
1058
2704
9897
4922
7283
4232
490
3873
1142
9043
2937
28
9036
3024
225
6267
730
7469
4031
1109
3591
4330
2491
4685
6089
564
8837
9680
9475
9801
2886
9884
6770
2443
6172
4528
4518
3533
2114
9324
6058
6487
3245
3922
9017
4336
4604
1457
2707
878
3902
4453
255
5564
9278
9562
2946
4571
8601
1260
726
4257
724
6989
5741
6459
779
2759
6568
3056
9576
8438
9418
4017
1700
3449
2760
898
4317
4287
530
7016
5917
2583
2099
1753
4576
5656
4108
1843
6204
1415
3510
5524
9546
8111
2269
4857
3593
8744
7294
4083
6170
8912
5497
6747
6515
4501
8530
2961
1081
1312
2934
6733
8509
4871
2357
8383
56
4674
3671
1394
1221
4003
6832
3929
6260
4277
3268
5194
1530
8220
5021
378
9468
1412
6563
7323
4489
4275
713
2976
3209
3418
8523
385
889
8683
9867
9388
3931
9156
1554
1067
6868
5385
9394
8973
1355
1886
1061
3062
5518
5732
7715
1164
4587
1236
3541
8816
2518
321
7876
684
5688
9365
6121
5676
1502
986
3212
5348
3224
6090
196
8036
8292
1026
5249
9260
4928
1932
3732
3463
8249
8876
2722
1764
4098
4882
2082
5907
6153
7236
5711
7366
6482
8183
8071
9111
3495
7855
4603
5402
6867
7377
8232
2674
2026
5643
1691
5801
1874
5005
58
3717
6438
2730
6312
8241
1336
5512
3645
5868
1165
8308
5470
2058
2495
5256
3173
1707
6599
4163
755
3178
2849
212
6305
8373
5536
888
7292
6992
4346
8312
6417
2610
4705
5735
1103
7506
3047
8939
7486
5028
7996
4483
7200
237
5120
9086
9835
1106
2466
9485
4777
4902
9900
4306
1207
7602
6190
5893
9354
7792
3849
8412
9435
501
5360
404
4747
3874
2876
1537
2923
1123
8008
7056
6018
357
5295
1648
7753
2078
5105
7420
8144
2347
3153
3865
7712
8428
5899
5492
9374
5186
8581
2877
1048
8639
6954
9683
1495
5993
4758
1935
484
1850
2846
375
9399
2825
5173
3907
525
101
5600
8313
7378
6231
6358
1252
4522
5051
5066
4970
3187
9762
8402
7881
4703
8489
2567
561
4661
9793
9512
4178
6367
4983
4966
6781
4764
4139
7519
1917
1809
8478
4953
7244
4129
577
6576
5921
2991
6266
7136
7748
5211
8337
5792
5368
8605
6950
4872
8784
2648
2248
3552
6077
5133
813
3698
5986
1907
3950
7907
6264
4997
9387
5535
7019
3162
9131
4991
2019
7898
6219
1654
2948
7449
9482
3488
2716
5901
4866
6326
6371
9591
7137
3889
5327
5505
2486
9854
4663
5571
536
5059
7430
1213
2341
5954
6957
5836
7742
7417
8858
4893
9029
5633
8268
958
238
8730
8680
1805
7827
1046
2250
3878
3485
2662
5890
4773
6380
3001
7982
2160
7604
420
4109
9438
6925
9731
8297
974
8704
630
4910
8129
9815
1388
9750
7474
3122
1006
8739
5337
7005
548
7396
3393
5363
5760
7966
9130
4848
5856
8011
9275
7321
5103
9513
2833
6732
7239
8103
866
4511
9151
5875
6137
9619
2591
2895
1562
4964
5650
233
5225
6920
6434
4628
1153
1452
2705
5615
2004
389
2230
6241
9691
8847
2622
6786
5432
7702
2756
4753
8029
2282
44
5807
4210
720
8180
7583
2840
7749
3427
1376
6042
2294
9169
5570
3883
4704
5407
7008
2586
6263
8764
2138
5500
6855
5074
6235
9048
6823
7846
9541
344
3550
4897
1975
3240
6939
5296
6955
4507
1040
845
6857
6702
790
2255
7401
158
9189
5795
9066
54
5587
37
4813
649
6386
1146
9833
2264
6400
1652
2725
7126
461
5472
2060
6717
1877
1723
5445
6956
46
8712
6820
1230
2509
7644
4370
8265
456
9211
8433
6210
7624
8624
1685
9966
8985
3371
7133
5002
5693
6928
5414
4321
8804
4660
7054
9885
1216
9289
4936
6043
433
8430
2964
3019
1964
1598
4915
5151
5342
3846
3503
6986
1807
6735
6923
8609
7845
8596
1013
6071
7863
8109
796
8167
4815
2890
425
3575
8066
1091
166
8647
5480
553
4561
8257
3640
8648
6084
4770
870
6593
206
8120
203
1073
5556
5740
5994
4484
5696
4929
9595
827
1041
4987
2564
1413
7358
8399
8594
5772
1845
4044
3266
1883
5916
3469
5888
79
5987
1085
6416
2262
2201
4808
4182
6590
2449
7309
1760
5420
2688
7701
104
8116
8897
4920
6993
8348
9678
3707
3585
7119
6719
4972
8913
6053
9166
9404
9067
6015
5950
1194
8761
5692
15
1581
9730
1161
4269
2536
2770
4741
3868
6411
6128
2484
1990
2040
9905
4927
3305
977
7579
7515
8484
540
9137
57
9027
2286
6617
8252
5158
1901
6500
7997
1858
4827
654
760
9411
6130
2335
4950
5115
7744
103
8320
6759
5430
6245
6799
3120
268
4691
9821
9894
8048
1930
9319
5538
1686
2682
3263
6800
6060
7338
9030
4396
8795
8945
7071
6339
7459
244
5056
8545
2984
9569
2246
5226
9810
9413
1841
6505
6144
351
4256
1759
8172
9255
8737
1739
6511
1020
2203
2616
597
4485
9612
2999
1317
2631
8491
4432
6739
4602
7213
5246
9124
6763
896
6725
5040
6161
9180
2242
4684
3498
5241
1499
23
6415
4575
260
9780
7465
2571
8617
5188
7883
2892
4996
5691
6536
2205
3913
5797
8949
1352
2384
2123
2566
4278
2869
8388
1968
6034
8807
821
8189
9033
9412
5203
3051
4646
7530
3627
3144
5938
5192
1190
2836
3314
3407
1641
2158
5479
3722
202
7960
1426
284
2233
7155
4262
1060
9806
5771
6642
1517
6797
5846
6895
8937
4505
1956
2683
8733
1320
2679
4939
5315
7422
5678
460
2219
3960
5660
7647
4022
8389
9195
7641
7380
6538
6445
7456
4240
4418
8942
7582
9002
9493
3374
1511
6555
7871
1010
4475
5955
5619
6113
9626
5367
865
3376
7718
1961
9997
9296
9909
8202
458
6171
5450
557
7776
6448
9268
6608
7221
3783
7432
1122
763
7599
5576
4934
6248
4050
4252
9119
2209
4
187
5547
1958
9658
3555
626
749
688
3235
4951
1856
1590
7192
2521
7252
47
8988
7194
7455
1370
754
9202
7774
2363
5939
2637
5530
8928
6493
857
2568
8595
9139
4884
8392
727
5586
7973
2776
9223
5076
7477
9533
7313
9684
6946
1630
3272
719
3839
4046
8659
6272
2064
6778
6441
4500
2117
7569
4750
4611
1909
5897
4635
1009
2709
6700
7214
7888
8505
4014
6782
7293
7359
8606
1334
1475
8931
839
3909
5873
7153
1062
7968
7176
9771
180
6921
3431
7727
7205
230
3063
3028
7087
1147
2139
8792
2489
1159
4230
2659
8149
7657
5503
6466
4591
1139
5154
2369
9755
3892
89
3558
4284
1294
933
4811
8301
4459
8032
4204
5288
5140
8358
6287
9455
6020
7825
5032
1752
611
7241
5504
204
3012
4125
80
2458
2048
4449
2121
6860
7105
912
6093
6131
7741
12
7800
3344
1265
9804
27
1501
8786
6198
5982
520
976
4681
6999
4488
1954
5455
4019
7337
7554
7188
962
8627
463
9204
1114
9496
3872
1767
8950
2404
9076
17
4666
4816
7169
1765
9132
362
7925
1568
2362
4572
9373
7266
3692
4283
9301
359
8121
6228
2197
2653
833
5219
8914
2669
4254
5266
7821
4057
6547
7124
4331
8797
1493
5255
1871
488
7937
1414
8195
8904
1571
3471
7199
494
4297
789
3560
4742
2153
5618
3130
8827
1927
1949
9845
6959
3362
292
1278
3118
7637
3930
541
4181
9788
8819
3988
522
5457
6900
8425
2144
108
1092
8673
585
5752
6092
2168
5403
8702
1754
8860
8079
2170
7149
1666
4551
9599
2200
997
8115
5081
5912
5549
4891
5392
1378
2798
8725
1740
3808
5690
6280
3860
8756
8589
1923
5257
770
5043
9433
317
2642
706
9934
4088
5949
9407
3948
6193
535
4231
1678
3015
1948
3618
7464
7135
764
1946
4094
4184
3668
6033
2468
572
1906
9653
7645
9099
7514
9604
7165
2477
4288
7356
1151
9766
4477
7099
5316
3384
1606
1250
642
2666
1810
7069
8466
2050
8326
330
716
4538
5376
1679
7139
9976
9842
7848
5198
2885
8936
2405
4713
6613
7596
886
4807
9911
2336
4525
945
5607
4716
6755
3941
4272
652
5425
7526
9765
1115
4456
2953
3979
1128
7185
9141
8531
1389
2977
6674
7131
6790
1775
6202
2903
3202
3411
702
5753
7330
3693
5620
5614
6253
3294
5809
6941
9352
3389
6841
8080
6039
6329
3221
3318
5767
2800
8844
973
6904
4095
6366
3031
2422
8997
9751
9679
5960
849
5677
4669
7388
1798
6023
3233
5853
9644
1201
600
1023
2285
2024
9087
1427
7791
6395
7291
8903
8715
6750
8526
193
1132
5770
5794
5675
840
9425
7245
5108
9979
8366
860
8345
4552
7944
9240
4151
5874
528
2956
5352
3137
2279
7730
4006
4825
2394
7181
67
2141
6160
6638
6119
8371
7795
2778
1719
3099
9143
1281
6628
9633
4759
8256
9896
9259
6
4119
6313
380
6851
1289
7842
7922
9018
5181
4314
9252
7568
7476
6298
8325
567
2958
725
4054
1038
8607
6243
4016
8343
2806
9414
7577
5733
3457
3705
5597
2983
2464
795
5215
6942
6544
6798
9939
1762
7415
3482
2337
6433
1308
2085
36
1532
8356
9109
6962
714
412
5602
9530
8240
3940
3519
2738
5234
7305
4785
5422
5439
2172
1134
9660
6676
6649
6107
8645
8449
7781
2620
6354
8127
9758
6094
9640
215
8925
3614
2634
3798
200
8757
5877
7080
517
7303
2990
5812
9631
9436
621
5179
1209
7787
5235
5763
9698
8875
8856
7659
6067
9744
9396
9001
7115
339
7067
3161
2941
6473
8636
7053
2409
3770
1815
6304
1647
1521
3955
6334
1838
9257
439
2676
7327
6182
3350
3104
434
8370
1546
5962
4932
253
6771
4577
6571
9155
7095
9082
7046
721
9768
9247
3396
3938
4157
9016
5484
9826
3735
8916
3875
4307
8566
4863
3134
1607
5263
8090
1364
882
7528
8580
4930
9519
4176
3269
2539
5636
8720
5446
5814
4554
9971
7335
1634
9044
2781
8395
718
1463
7603
1360
6902
3637
6333
8302
4487
753
8969
8901
8201
4898
4438
2498
8415
9299
1576
4203
692
401
2097
2178
3609
4962
2970
3670
122
5485
963
4214
5510
4714
3689
2576
8098
399
5765
2038
7502
2488
9549
5160
4009
6379
9080
5782
4652
329
6393
971
3204
7086
8401
2226
9477
3897
3928
2942
830
5757
3075
3847
7957
8479
5866
550
7941
2658
6850
1177
3829
4167
1925
3113
2584
4089
3520
6705
5058
9503
1797
9326
7201
190
529
5177
6624
3200
7834
7444
9042
1180
6429
8218
2907
6672
9862
4113
1331
7687
9743
1187
6397
7393
6404
7952
1969
2516
8778
3071
6668
5871
7174
95
3629
1813
8122
669
6843
2655
988
637
3020
185
4138
3147
3628
201
2845
7627
7914
2842
3319
1731
8781
7722
2431
2020
6485
1087
2789
7512
18
1450
6605
9470
7909
5449
2207
8941
6879
6789
3667
8892
6972
3129
6179
9424
6356
697
2587
4616
6421
2844
835
8288
5380
9585
4304
8133
9359
9270
5373
26
7917
8994
9083
4689
302
6064
2742
6405
3526
4041
3964
2746
4460
6134
5563
2893
6363
6462
3182
5244
8630
5390
4042
6017
6476
5790
5945
9871
7616
3049
11
4241
2530
1
1924
7777
2551
8056
3594
2982
9019
7755
90
8260
7007
2089
4246
6330
2689
4901
3226
5384
2081
8729
3715
6658
4340
83
1259
5142
5704
4309
2882
6833
4523
9349
3216
9837
7950
2302
8540
3404
4625
6629
7537
8087
7138
3532
2120
6454
8447
6830
3126
6714
6527
4912
4706
8168
5708
5239
473
1398
6840
2748
4517
8989
2912
6746
148
9634
1559
9449
9923
7273
7949
318
6983
9292
2554
2573
799
8177
4529
7746
2700
552
5862
2660
7151
7732
7820
8391
5180
3357
7423
5896
322
1434
9274
2456
6801
3970
8611
9
124
6582
6965
474
1337
7042
6229
2753
6325
7766
2732
8534
1446
3185
6011
7426
9567
8984
5948
1166
1837
6607
803
9244
6467
3460
7226
5274
2333
5287
6859
9125
3308
1043
8346
8488
8130
7093
276
864
909
883
8255
9937
1406
3682
3999
8461
6768
443
2711
1684
5283
6118
1658
6839
2783
9925
5992
3372
9579
4836
1885
6164
1575
1215
4502
6502
8538
7726
85
9895
4387
2695
8316
2871
3413
3382
110
2212
4386
229
9746
6654
8481
1866
191
8938
771
7613
298
7674
8575
7831
6242
6809
8304
9309
441
6573
1313
1172
9670
5608
8521
5370
5966
9753
6785
3908
3194
7983
2043
8269
8495
4638
3572
9318
968
6549
4212
8787
1997
131
2147
4296
3977
4959
4833
426
1127
5551
8583
8544
9526
5136
5902
606
9901
5623
3974
9978
6355
3208
8147
9249
1714
3626
8954
1306
8952
5850
7277
1037
8577
1869
1732
648
2749
7719
2376
5125
5800
6510
218
5426
7887
2315
410
2016
1729
2595
8088
8987
7362
2417
1891
7158
9928
1383
8242
3893
7621
9740
3478
9175
9772
9927
3437
4515
3773
946
7386
900
524
3105
9959
8376
3017
4264
2866
3905
5109
6541
5775
1545
1425
5047
3975
6154
1915
2740
7951
6586
2397
3486
7824
6565
6709
1183
7369
9781
4935
3462
9715
9733
6758
4033
8108
812
3356
6618
874
6821
3335
5567
5126
6934
7721
2392
7063
7341
903
1379
4303
5731
8992
4411
352
1644
2875
2435
8790
1800
1540
9146
8610
6623
8618
9212
7022
6147
4025
6430
4568
9892
4100
9872
6690
8998
8382
5440
296
4822
1768
6337
9829
10000
512
935
8365
9855
8663
2965
7625
1440
6708
5195
2633
9511
5254
594
414
566
4442
6288
3559
6004
2779
2086
6506
2181
5114
1627
7972
5209
178
2358
9874
4075
1619
5943
802
6530
4919
2645
3755
4360
4480
444
9752
1069
4664
5603
7320
5904
6930
9174
7763
5340
7442
6997
7247
6584
1588
1444
5328
7543
3346
6773
9126
3292
383
4219
7274
3583
2465
4409
1982
6722
2879
5523
34
8880
9330
6958
447
349
2183
6918
6276
6340
7055
5557
4479
2256
4971
6682
5415
8423
5684
1904
9381
1828
8038
8458
6351
8798
6711
8021
5911
48
2908
7122
9104
1742
8394
3257
208
4524
5471
7504
5544
7524
8591
735
8214
8078
4104
384
6318
4097
8812
1664
9563
6518
9186
7971
3884
7808
3425
9654
4061
4909
8586
3920
6858
9494
5465
4127
6977
4960
370
5654
7839
8086
9163
6528
7451
6909
707
5568
7180
897
7695
136
4448
6780
9539
8067
3623
7065
7070
60
4168
5632
4965
7123
741
3057
8923
7788
938
3165
3002
5467
7111
9011
5045
1133
9225
1509
2185
5171
8369
320
271
8976
4090
7345
6535
740
372
8546
1561
7076
2251
9839
7494
2966
4858
8714
8796
1174
3285
8431
7462
7197
8162
1263
8059
3342
450
6578
4169
5148
565
8859
3803
8046
4239
259
5224
6585
2623
7254
868
4841
1366
1905
7021
758
7412
5681
1198
2187
9798
3747
1995
4040
8293
2215
8154
4091
4463
2414
668
9635
7354
9466
9207
2412
9197
9242
2307
7897
7284
3677
2978
3065
7803
1429
335
2617
9601
5308
1635
9929
1247
8468
7940
1718
608
6463
5451
8944
5959
7397
3584
4345
6098
562
3630
5527
1999
3706
5143
4154
9245
4221
6721
2538
2379
1117
3239
2839
2053
6744
8058
5984
6222
9363
8035
1192
8084
9542
3160
3595
7692
1596
170
7084
3563
7405
9704
3050
5145
6646
6661
9514
6509
3743
6680
7429
1270
7684
2525
646
9097
135
4955
8190
1451
9882
1339
5857
3825
3424
7703
5312
1373
7445
2763
4546
2444
9784
8285
7020
2594
8556
1047
6021
7204
6055
3353
4780
910
2873
6269
9465
5094
2104
9346
2194
3899
7475
8653
7146
2563
2288
125
9491
7035
1515
7271
7552
5275
5309
549
8437
1523
366
1297
4596
3157
2304
5314
3690
2240
62
4980
650
242
2204
2553
2223
6579
699
1107
8069
7818
7745
5359
4583
6353
856
2249
9006
2505
3332
8719
2438
8814
7027
6233
4692
8550
8587
6296
2607
4328
1822
7436
7889
9856
7039
7711
4365
4234
1848
9584
8817
6627
3894
4327
6537
3513
8599
9489
3508
1327
4415
9791
1449
8734
5139
679
9480
4956
8498
4070
2656
1929
9951
7666
6540
2508
8193
1130
4824
3333
5031
4121
4032
7479
3703
9474
7392
9686
1075
1662
7160
785
8037
9800
3387
1255
913
2925
6935
5695
4627
9518
3422
8503
8270
2861
8289
7694
972
8710
8104
9401
2469
324
1407
3073
5231
3766
5127
7811
9560
4553
4676
6849
2261
9543
1421
5062
4412
8073
3661
9072
991
6861
6651
8206
4388
4052
3291
5169
6650
8651
8436
2106
1193
3290
6827
2211
5135
1455
8055
466
6825
3958
5033
872
5281
8823
6157
2439
7609
9415
737
6261
1386
9787
738
2330
8828
8145
2387
8669
9040
8554
9057
5469
2157
1310
8094
2693
7955
3586
1197
2761
3806
1296
9473
6096
3119
2632
3045
6893
3534
2499
8578
7688
5176
4700
2878
7962
3821
618
4039
8644
9238
8014
1505
377
210
7101
5277
4351
9488
2858
6910
7710
1613
4250
59
3172
7663
592
7985
374
6847
4679
5946
2072
656
1351
1574
1486
7927
6010
1447
3116
7573
4149
6932
416
4087
5578
4913
9497
6184
4469
9148
7651
8039
9877
7860
9085
2124
4503
4695
7389
834
3574
8139
5750
9370
4896
345
6723
9548
9870
7269
3939
3281
2007
9430
2093
9650
8157
9368
4589
5330
6163
8773
6551
9849
4819
544
6912
4233
6885
355
784
3198
3731
3398
2865
6933
3580
8631
1202
2310
823
7544
8354
9306
7145
9450
3433
4595
6864
6450
65
7597
8499
8508
9888
387
9643
3600
8186
693
7747
3787
7567
1553
4308
3084
8264
7365
7685
1966
6145
1955
5035
3851
576
2841
855
9947
4145
966
503
3100
5588
8390
7790
2022
9738
1527
1377
8649
1730
6388
6557
9760
6724
6546
1857
8872
3320
9421
5947
5714
6068
2757
346
4823
186
7379
1787
2771
7031
2322
50
2515
4981
7172
8633
2671
3515
1705
6998
766
8205
2831
4037
5601
5900
8413
5417
8440
6083
70
2163
5237
9589
2437
673
7646
4377
3390
5779
3615
6122
7560
4319
7036
4384
8310
7100
2224
2056
1363
2994
8462
1154
4238
8230
2027
211
5258
729
7729
8298
859
2952
7219
7643
3315
3900
1491
1976
5641
4541
2717
6917
33
7511
4029
7328
8839
819
7162
7079
1960
8416
7066
9970
9389
7287
8809
4194
7676
7220
4407
4594
543
5389
3381
873
7121
7452
8983
6489
9694
9431
16
2345
5175
9308
8780
9719
3480
4452
4053
8821
9203
8759
3454
1638
581
2245
9416
3551
465
8600
2947
2782
9123
7312
3078
3034
3725
1727
4982
7325
22
2425
9219
4993
5742
5671
9596
5488
8128
4443
7361
1855
7250
8793
3406
4126
5831
3018
7760
1397
3914
5260
5559
8023
601
3360
9674
3791
2410
3748
2427
1963
9572
2021
3915
905
4118
8979
7642
181
9931
7738
4263
3965
5190
9708
249
5084
1431
4778
9960
3622
5841
4315
6016
6066
9008
8799
8613
9505
3863
2971
1303
7915
4998
2182
7043
5122
7428
1913
5476
5301
4334
4177
3388
4298
2349
2830
916
1238
5223
160
5086
3006
1744
4092
4665
7735
908
6752
7333
7673
7034
3246
774
4441
2784
9651
7545
8558
2733
4172
5437
7672
4779
2482
3870
9998
9060
6887
3107
9521
7809
2300
8070
2198
5087
8743
77
9276
5909
4569
8879
4540
8213
8453
6655
1784
8705
100
9045
2344
179
9250
6835
3685
5428
4724
5975
1029
6177
8321
5358
105
7446
7081
3966
3368
8287
3716
8855
3720
892
9095
4639
3724
762
7038
4165
9054
4279
407
7120
7431
7875
9913
94
6748
2045
6944
7091
9168
2381
5685
8335
8368
8004
84
7493
6922
806
5543
6165
9064
4276
6270
7558
9232
9535
8774
5829
8330
7778
9501
3496
1661
7835
8243
3543
5442
6226
3785
8671
3271
5879
1188
280
6234
4084
5434
373
9312
7482
8557
8314
7108
7796
151
7508
9089
1210
8262
3499
1512
7505
5271
411
7000
6749
8662
5748
1025
8403
7553
9520
539
3749
9747
4975
4454
4885
7058
5882
1435
3564
8956
1539
6971
376
6907
9840
9598
6461
8016
9269
7999
8372
6049
8406
742
8317
2329
7896
7580
4766
5292
9341
220
7557
629
8422
5341
3176
4605
1755
1567
1004
4873
3962
7581
4521
2247
9701
1682
4513
2037
5761
3082
7522
3655
5611
8811
6032
5929
7779
5569
266
3713
7629
2906
3795
5464
8679
6685
1518
4969
9173
2272
5123
347
3191
8182
76
4353
8891
1887
6158
2044
682
6824
9636
9313
6566
1140
610
8296
3077
3264
7410
7492
6503
7654
471
1566
2260
1824
1490
3659
8429
4601
2690
2000
4358
5974
7520
7411
7510
7355
6645
6142
4027
436
4894
6532
7912
7156
9963
1600
4526
258
2646
2909
3632
1487
5870
8379
1911
5798
2001
5924
3888
1396
2936
2985
1234
5172
1625
2774
1484
9883
7601
723
4065
3567
5206
1359
1176
9936
6407
1795
836
3229
8886
6455
8841
6277
8924
2641
558
4402
1196
5606
895
403
9288
3494
2884
3035
4979
8042
1620
3843
1273
9975
3016
5379
7062
2338
6063
2135
8802
666
3935
4408
6794
2237
9608
9218
2555
1149
615
91
4820
7458
9258
8125
6643
7892
5197
8191
3114
3053
343
7946
6009
4011
8887
177
7918
8176
9690
5253
9215
1771
5134
3968
3867
1405
7851
757
9236
1987
7939
2691
8338
6180
8932
6481
4261
5774
4482
1422
7805
8640
2552
6562
14
8623
7381
2008
6968
248
5722
2420
1032
87
4744
9722
1950
9581
9462
4527
6026
851
1181
427
6086
1171
9331
7013
6082
9271
8619
6990
5667
3981
480
2372
578
7427
8502
3967
853
1054
6730
8966
5552
2887
7704
8410
3952
6292
2673
9243
9022
6913
9522
9317
8377
1033
5112
7758
4136
8065
3664
4520
3947
5452
3686
2066
6271
9711
5391
4130
2326
9603
7606
3756
8299
5222
5979
7725
9573
9310
829
8642
6105
6046
5855
3039
8520
5605
3998
5612
7363
4870
4414
5824
4924
2188
5545
4839
7816
7667
8418
1000
8155
24
1469
4621
9025
7934
948
9920
5317
5694
7198
7077
1206
4547
3746
9314
537
5307
1531
9220
5970
8007
3167
6888
5546
4372
6667
2721
3789
5516
9919
8141
9446
7541
7752
9547
2388
9996
4723
6647
7679
5486
3949
2065
947
1473
4392
1860
154
4198
9933
2415
8929
858
6865
9831
2855
5060
4013
4001
5280
6753
1782
4222
9999
1417
6091
9628
6080
6346
2542
3091
4148
3231
1298
4010
2619
5285
247
7163
5166
7782
7447
6644
4494
6373
5639
4253
391
8340
7407
7994
9357
2155
6057
7902
8775
6368
717
5411
2432
3336
1371
1470
918
2034
8978
5071
8911
6553
1269
5744
301
3554
9183
2280
7383
7025
6486
8766
8722
5221
2421
9770
2252
1947
2061
4018
2257
8174
6419
9725
7068
9340
8869
9098
2084
967
9484
3146
2772
5926
7740
881
1309
8041
6208
7290
9290
9434
2917
3415
5242
2433
273
1998
8677
8166
9481
1283
4978
9052
7191
9611
7836
9294
3774
5764
9460
791
3218
6776
7424
4093
6911
5773
6197
7364
4096
7182
936
5284
216
7670
2375
4318
8092
4385
2914
8564
182
8934
4023
3426
4921
8119
7024
4192
5278
1217
9987
4675
4892
1307
3023
3014
3059
6795
8947
4072
2702
6059
119
1356
2843
1256
8378
5153
9051
8400
8519
7943
5463
4648
1541
7911
5276
2032
6657
8696
5980
5483
2677
8908
306
7517
7387
4738
1746
8918
6539
217
4223
1597
7535
1734
6446
2
9889
9190
6347
5478
6108
3657
5201
8958
5637
4752
8158
2606
2119
7264
8123
8284
8854
8163
5355
8706
4889
7142
820
7828
7523
2621
7988
3514
1065
3944
2481
4339
9395
5346
3252
3288
9140
304
3145
9020
7130
7233
7466
6707
7390
9782
6818
8411
6478
6520
7974
5050
336
9184
2290
7995
2643
4034
8585
165
7691
1617
5238
75
7858
9383
498
492
8749
8865
9941
8829
9329
3484
8840
7104
6558
1411
7635
7737
1697
2514
2319
3916
9977
852
8959
9160
1944
3879
2838
4647
2354
8861
1338
1792
6838
1195
2339
9157
5747
5865
313
1088
5149
5106
8179
526
3557
6938
9605
3805
3886
5413
8341
2416
9614
8850
9081
8831
8138
9879
2534
2847
419
8204
3643
9875
5968
2127
1655
5085
3435
9536
8794
570
9994
8091
424
7148
4598
1910
6543
6378
3419
5511
2430
1934
990
6569
7261
1064
9162
7989
4989
7832
4218
9090
2359
9055
4918
6045
5245
1875
1071
8657
8852
8492
8396
1443
6460
6227
9538
655
7367
5715
8769
7954
2270
8393
476
2029
2520
1478
2036
3265
9828
4434
3379
6320
1244
1078
5291
8197
5013
9246
4461
5216
356
5534
261
8522
8772
9692
1736
9327
8063
227
8309
3189
6178
3634
4399
4658
7439
9122
1840
7648
9555
9531
1900
5015
4942
6615
3638
8239
9136
9079
5526
2561
3474
8245
9439
9659
1408
8057
6715
9091
6035
657
2528
396
7334
8621
6728
9863
747
607
4636
8703
9013
4653
5427
5286
5026
7404
9408
8493
4466
8533
8709
5995
5683
8196
9335
8231
9551
1778
6284
598
5265
3227
7708
1715
9328
907
4338
8160
1793
4030
2929
2512
7490
3009
2510
8525
6081
9158
9724
3085
8608
5616
6695
4069
8857
5736
3802
885
9734
3136
3325
198
3465
4776
1725
919
1724
8907
3804
4166
5858
7311
9100
6031
4368
2904
5891
8445
7272
207
5024
228
3115
3394
1579
5759
9371
6156
4512
8716
9235
9380
2755
8506
5010
2945
9761
6364
3046
7339
1243
2303
7970
7497
3323
4207
6345
1261
8446
6402
511
5344
9147
5642
6480
2913
9304
9267
7235
1287
7332
4305
8646
6791
9231
9873
6626
4977
477
9993
8504
921
1585
8175
5004
9785
8615
6897
2750
6764
9637
1052
365
7801
5739
348
2346
130
4374
794
1108
9084
9293
5382
8990
9825
9794
8785
4798
5787
7906
2625
5406
3963
8664
2314
983
6594
9858
7780
1428
5070
8360
8351
4925
9593
3538
7611
7980
5100
981
9667
1833
3079
109
8002
9498
9457
871
5908
3601
9528
265
2503
8529
7734
6966
3155
8355
6671
9338
2184
5475
7669
5698
6471
5595
1965
1902
8156
3757
6196
2703
1529
1873
3481
2320
6640
7623
8548
5053
307
7958
2647
4406
9625
2640
2327
9201
534
4725
9578
4791
1702
9732
9714
338
7489
3289
844
635
9948
5935
2791
6740
8670
7819
7575
2708
6991
337
2457
7728
1208
2557
1318
2540
847
9661
6863
5548
5496
2210
2859
1660
5443
428
4436
1472
4952
126
9745
1690
6465
1248
6591
8404
5813
573
7171
63
2593
1713
4302
106
1636
7589
2995
869
2116
3976
7561
7092
9384
3432
6152
6498
3565
8342
88
3304
9532
787
4367
9144
66
5777
676
6070
9339
8017
2736
660
2018
1459
8486
8454
9108
1266
9445
9865
5702
9880
8842
5205
5240
8349
1674
9565
8164
8747
4373
7072
2467
8765
7014
8207
1717
8576
675
8034
8024
7992
386
1763
7861
9336
4812
8444
6124
8222
1343
4790
8547
5387
7975
7900
5400
3573
9523
9272
174
4617
5944
1970
2131
9077
305
2558
6636
1656
5262
1214
2752
5672
7936
8353
8940
2627
3072
831
7565
9615
8184
9062
941
6203
1671
691
213
9028
6815
3117
7218
500
568
121
9981
2529
6381
3823
8665
9809
1803
9251
9930
7893
734
7242
521
5006
5590
2041
6300
810
9366
5332
3489
8209
4295
9693
8803
5839
8975
509
7394
9707
6392
9277
2910
1643
8848
8584
9113
7829
9702
3539
805
3654
901
4004
5396
6673
5436
3043
5027
6426
3912
6168
2108
8050
3106
9192
2271
430
5532
6713
9298
5124
7260
7584
3917
5816
3174
7903
8700
1268
8047
2981
7533
6052
3026
6575
979
1981
1112
5716
574
2860
4999
8251
2054
2289
5555
2720
1335
3011
4492
8993
6135
199
8980
5878
5336
7699
5289
4940
2816
982
5185
5725
275
6408
5331
8864
3276
2710
1241
4202
8507
1766
701
9300
3124
547
9152
6610
2274
2900
8999
9495
8075
9757
8117
7196
9557
3038
3036
4005
930
1898
9866
1233
9568
7921
9334
3255
6597
9281
4426
1330
7550
1578
6265
4133
8033
6521
5157
843
583
4877
6949
1806
8688
9980
1419
2930
7767
4048
4559
4709
4673
6924
5591
2076
7756
1145
5805
6477
2998
8408
9736
9893
405
1876
4967
1003
7223
8152
5905
9058
6335
1189
3772
5046
4226
7461
6115
7576
9361
7228
73
4781
6589
6572
8910
5350
1624
2400
8199
9638
1402
9534
3542
45
9344
1651
8957
4534
6947
2450
6856
3852
586
9850
9476
1311
3779
7251
9379
7015
6127
2574
6620
1919
9467
8062
887
3545
3511
6963
3961
5456
235
4803
8905
4717
6491
7664
5458
3366
7895
7314
6853
7571
6831
5498
3330
4055
4045
7110
5734
6150
4763
1348
4567
6880
4300
5230
8334
243
3081
5540
2718
5647
8064
3186
8332
3853
9648
226
257
1007
4141
3341
2328
6282
1846
9881
6308
3345
5811
8473
632
8668
40
927
6625
9400
5252
3971
4120
6945
7082
3581
398
998
5184
6295
4574
3392
8614
1591
157
2851
7326
4496
2244
6399
7050
9832
5034
5887
1839
5272
2316
112
4641
5189
9172
1710
3810
1242
8536
9902
2199
2614
6468
672
4907
493
8873
5361
9471
2350
2241
9014
39
9777
4906
7301
5182
6097
8380
9737
7873
7905
9302
5196
4155
8968
285
3443
9989
1162
3537
6588
3312
9427
3997
8660
2352
3837
9921
6186
8951
3
3395
6306
3528
9447
4473
1016
6854
4926
7234
4796
409
6829
3458
9796
7706
8375
7316
7910
5638
8763
8134
658
5233
8295
4350
9891
6167
1926
863
7037
251
8746
9672
4379
894
1868
8074
9990
7074
4632
6024
9256
6772
4132
312
9812
9284
667
3430
3397
25
9362
139
9442
5928
1017
29
4171
1870
1433
4974
9094
2820
5419
8894
1899
8100
1830
9441
8820
8697
9392
2122
6534
9985
8143
7653
3003
7002
3605
3764
4431
4142
2401
4416
3370
4410
1835
7280
2129
9403
9228
3225
2938
8113
837
9376
2891
116
3096
579
9916
3776
6211
7102
7768
6822
2786
2472
8656
3604
7549
9193
7255
2455
2428
2278
587
2176
1028
2424
9917
4619
3750
2896
7807
9458
3688
9988
9669
7343
4622
9688
6987
8634
1332
9926
4440
5803
5626
8995
3159
1466
4514
288
7416
7302
9159
5494
9444
8357
4562
7665
5717
8010
1623
8234
9822
3529
9699
9133
2462
4472
7471
4322
7969
2391
2003
3606
7656
7587
2229
97
6967
5477
8441
6258
5727
1315
10
1989
7212
9586
1918
300
1488
7612
964
3588
3719
7128
6783
1962
3984
7073
1246
4734
9454
293
7210
1861
1794
1090
3845
5017
3676
9847
2301
4516
3742
8244
6889
7319
6632
4718
8582
769
5460
7592
3143
1083
6848
2013
5705
4609
1086
8497
7570
6701
4465
9887
4736
9805
9010
1977
6140
1524
5401
7229
4190
7677
4493
6418
9552
4555
639
1692
6255
6604
5689
9239
9944
9343
1609
4761
940
8274
3711
9322
9623
5343
9385
5598
953
9049
4112
5372
254
7300
5267
1770
1582
1239
6738
5003
5680
7097
9510
7143
6362
4599
4490
5395
5625
3890
8089
1973
8906
5092
7956
9587
2765
8895
9716
1957
5700
6247
1557
664
9583
1393
6420
7671
35
4162
1538
2126
5872
786
3937
3060
2706
7899
1008
6936
6845
4588
7700
3098
970
7435
6088
4398
1496
4335
792
2132
7144
1300
1565
6828
6687
4140
6819
2193
4036
2768
7249
4530
9955
8962
1124
7307
3171
5666
1673
8247
854
5489
6852
4457
2661
4690
4137
2451
8597
924
8745
7113
904
2511
7010
9291
6475
7175
6185
932
9216
4124
8723
8323
1385
245
1070
6104
2940
8027
1616
9802
2393
5121
6951
5170
3579
7310
8867
7559
9280
1395
2822
645
612
8535
7986
2077
3814
3445
8439
677
6338
8350
1074
9792
6303
1322
7841
7772
9398
4694
4849
1497
6862
7920
9056
4281
5575
5141
6736
6756
6975
6834
8933
7879
2267
6490
4342
3177
5102
3633
955
3405
8532
6195
1200
5628
710
7503
2523
4235
2470
9673
9167
4310
1262
1577
7882
1668
9478
698
651
4659
9954
2173
6436
5537
7598
9410
1612
8385
6692
728
194
4874
1621
7029
7026
4795
1704
3855
6741
5635
6689
7403
2628
9645
2601
1235
8900
7981
605
2681
3123
9621
6560
9671
2324
5104
3683
6431
1953
867
7112
7246
5072
8684
7697
3635
5374
4424
8691
2454
6802
996
9112
2556
2828
6767
842
9263
1528
7040
8496
2057
1931
9682
3128
9564
1173
406
9763
3721
9820
6120
9574
8329
9974
4712
8717
3596
495
6294
4711
6894
4146
9046
6370
1232
3041
9986
342
8246
9127
5501
9868
6681
3197
3214
4107
6720
9348
5562
6110
8363
8752
5886
985
9026
4258
5481
9700
5828
5468
7709
7614
8333
4810
1251
9600
2604
8915
7843
5155
7114
9935
6382
2046
6693
7978
5971
6285
3033
906
3761
7930
6103
2678
5566
1769
3992
1785
8917
4043
4590
6099
6188
6634
4499
3436
5268
3793
8279
295
224
2852
3440
7784
3010
8217
1556
5799
8602
6403
3824
4047
9556
2360
221
3745
2968
6519
150
818
1882
5969
9754
2549
5793
5604
3571
7298
1345
9053
5996
7468
9321
5303
3142
9886
6410
6040
2719
6286
429
995
5383
9823
9789
1513
5933
9610
6703
8881
9128
6952
9878
1178
4644
5942
4193
6396
8324
9906
3367
768
6937
9973
3095
5073
1773
9618
7967
4074
3156
4634
7693
9566
4035
9709
6718
925
9814
7542
132
7813
4586
9540
623
4270
8290
9824
9003
1726
3544
2191
3183
4958
2933
3127
8654
3170
8421
5088
234
5989
5089
6677
7045
5613
2664
8463
2471
3898
6961
1290
1365
1126
6883
6488
7806
1157
7724
681
2321
1817
279
4382
2651
9499
5016
6289
1892
9047
6187
5840
6374
9827
2626
6169
8650
7088
5078
523
140
8661
4728
2418
9440
1279
4174
6929
5064
2560
3880
2161
7874
4038
120
3570
3253
3243
51
7018
6817
8043
2063
5961
20
8742
6439
5163
4769
8291
5923
6548
4683
3317
3423
5885
7850
4117
8699
1076
1430
7817
1453
7470
1703
4320
3490
6109
6611
4655
2848
5319
978
5541
1741
9590
417
4886
7886
1129
7044
459
6641
4697
7286
176
7563
6648
5847
9663
2670
21
6985
3273
8524
2801
6254
7127
6479
5079
3522
1228
943
4110
4293
7770
2090
1921
8537
7555
9182
52
9869
454
8967
746
9932
7132
6309
1881
1951
7262
604
9115
5699
8159
848
1808
9958
390
5366
1168
6256
6877
269
2575
1391
2758
3844
6878
8273
7847
8736
1728
9964
939
6552
7141
323
9065
5565
4730
9668
5892
6173
4020
4111
7032
7822
6212
7457
3778
4582
1604
9666
7207
9594
6162
8961
6633
6514
4343
455
4086
1979
4225
7976
3058
7865
7408
1933
5706
3282
7931
92
1847
6044
3328
2031
3619
5515
8868
3833
9364
7483
7717
8770
2926
4393
7232
3995
2665
8727
1286
7116
5843
3052
3665
3754
9735
5297
4941
3420
6181
8060
911
2049
5022
3184
1864
8694
6025
8487
3211
7227
9706
9965
9945
5335
3989
9005
5473
7267
8076
8813
3509
6126
8188
2629
4649
1945
4755
1136
4573
8263
7017
920
4720
1465
8465
6223
715
2572
3412
5682
5321
595
7859
9853
3251
3502
8200
7814
432
2033
2902
32
3277
6095
5883
7872
2296
3074
2944
8019
6390
2684
1282
8306
499
6574
5474
3673
3444
5038
3453
2429
9844
5090
5227
7222
6175
6268
7633
7690
5823
9417
4486
1051
1271
9345
4570
4642
8551
4259
2342
9456
8565
6123
3739
1940
2348
4191
2737
5810
4347
6787
2385
7106
8151
2152
1804
9687
9504
